E7600 2
G555 1
E5500 2
8300 1
G860 1
E6320 2
OEM/Tray 296
7300 1
E8300 1
3550 1
3250 1
3570 1
340 1
3850 3
810 1
Sempron 9
G550 1
715 1
710 1
3330 1
2600K 1
G4520 2
5300 2
2310 1
6300 6
1045T 1
1660 3
3770 1
198 2
1100T 2
4320 1
190 1
270 1
4360T 1
4650 1
3450S 1
3650 2
4960X 1
5800K 2
2120T 1
1235 1
1230 5
1231 1
440 4
D2500 1
445 1
4350 3
8120 2
4620 1
860S 2
6500 3
1241 1
640 2
G620T 1
645 2
5675C 2
1246 1
435 1
430 2
Athlon 66
3770S 1
3770T 1
B99 1
FX 44
2380P 1
QX6850 2
4100 1
3770K 1
Core 262
3450 2
5700 2
2687W 5
6200 2
2685 1
2680 3
G2030 1
G2130 1
2700K 1
4770 1
4771 1
E6700 3
Q9400S 2
E8190 1
G4400T 1
4930K 1
1620 4
4170 3
3200 2
G3240 1
4570S 2
4570T 1
740 2
E2140 2
555 1
550 4
E5200 1
G2140 1
370K 2
5350 2
3340 1
6100 3
Atom 2
QX9650 2
5600K 1
145 2
140 1
1270 4
1271 1
1275 4
1276 1
Xeon 124
E3300 2
4460 1
G1820 1
2120 1
2125 1
1280 1
3350P 1
Series 3
945 1
940 4
4160T 1
610e 1
E8200 2
3970X 1
G1620 1
2650 5
990X 1
6800K 2
Q9550S 2
130 1
4130T 1
6800B 1
G620 1
PRO 5
Duo 43
4590 1
E6400 2
2405S 1
2400 1
6320 4
930 2
E7200 2
E4300 2
4690K 2
G850 1
240e 1
4130 3
Q9550 2
G4400 2
3240 2
6600T 2
3245 1
6600K 2
3570K 1
4690S 1
820 1
E7500 2
7850B 1
E2180 2
7850K 2
1090T 1
E6750 2
3300 2
2300 1
G1610 1
875K 1
E5 88
1650 4
E3 36
E2 4
E4400 2
E5400 2
245 2
240 2
1265L 2
330M 1
7400K 2
1240 3
Celeron 37
7400B 1
4590S 1
E5300 2
1226 1
1225 3
620 2
1220 3
450 4
455 1
Black 20
4430 1
Phenom 52
4340 1
975 3
Q6600 2
970 3
G630T 1
2 88
650 1
651 2
X2 37
X3 19
655K 1
X6 9
X4 56
2622 1
2623 1
2620 5
8370 2
E2200 2
3930K 1
245e 1
6400 2
860 2
Edition 8
2699 1
2698 1
2697 3
2695 3
E8400 2
2690 4
G2020 1
880 1
G530 1
Q8200 2
E6300 2
G3258 2
Q9505 2
E3400 2
4160 2
4000 2
G3250 2
G440 1
2500K 1
905e 1
5820K 2
G640T 1
Pentium 70
6130 1
680 1
1680 1
400e 1
4300 2
8150 2
660 1
4570 1
2600S 1
G1830 1
1075T 1
5500 1
4770S 1
4770T 1
G3440 1
6300B 1
4670 1
540 1
545 2
4770K 2
6300T 2
G3450 2
QX6800 2
7600B 1
9370 2
E6500 2
3400 2
E3200 2
G4500T 1
2550K 1
Q8300 2
G1840 1
7650K 1
600e 1
1065T 2
920 3
760K 1
925 2
3820 1
G470 2
3960X 1
2630L 2
G3420 1
X6800 2
6700 4
8320 2
G3250T 1
830 1
3470 1
3870K 1
G840 1
2667 2
405e 1
2665 1
2660 4
Quad 31
QX9770 2
QX9775 2
B59 1
5775C 2
Q8400 2
6500T 2
Q9400 2
G3220 1
6420K 2
2450P 1
4670K 1
Q9650 2
3670K 1
4670S 1
E7400 2
250 3
255 1
605e 1
3340S 1
D2700 1
630 2
631 1
G1630 1
E5700 1
8100 1
638 2
460 1
4440 1
G4500 2
4370 2
965 4
960 1
6350 2
2100 1
2105 1
E1600 2
2637 2
2630 6
750K 1
6100T 2
E6850 2
750S 2
G3460 2
E4600 2
9590 2
641 1
860K 2
3220T 1
160u 1
870 2
V2 34
V3 57
7300B 1
3470S 1
415e 1
1245 4
Q6700 2
E6540 1
G540 1
i3 45
i5 66
i7 63
G2010 1
II 105
8310 2
4790 1
960T 2
6790B 1
4150 2
E1400 2
G870 1
6790K 2
3220 1
E8500 2
350 1
805 1
215 1
8370E 2
760 1
Q9450 2
6120 1
2320 1
7800 2
7800B 1
8140 1
8320E 2
670 1
4330 1
260 2
265 1
E1500 2
3225 1
2100T 1
E8600 2
7600 2
530 2
G6950 1
705e 1
260u 1
5150 2
980 3
E5800 1
Q9300 2
350M 1
E2160 2
4200 1
G640 1
G645 1
G1850 1
E6420 2
420 2
425 2
910 1
Extreme 22
E6600 2
E2220 2
2600 1
2603 5
Q9505S 1
2609 5
G465 1
651K 1
Q8200S 2
G3430 1
5930K 2
8350 2
847 1
QX6700 2
840 3
3500 1
E6800 1
2670 5
7670K 2
E3500 1
G2120 1
6600 2
1630 1
3210 1
5400K 1
235e 1
2400S 1
750 2
6700T 3
560 2
661 1
565 1
6700K 2
221 2
220 1
7700K 2
5960X 2
1055T 1
720 3
150 1
Q8400S 2
4360 1
980X 1
E7300 2
4020 2
635 2
4690 2
2650L 3
A10 23
2130 1
950 1
955 2
4820K 1
A4 19
A6 11
A8 13
2500 1
E 2
4790K 2
1035T 1
2640 4
2643 2
E1200 2
E4500 2
4440S 1
4790T 1
G3470 2
910e 1
G630 1
4790S 1
6400T 2
3420 1
E6550 2
250u 1
6400K 1
7870K 2